
Epoch: 0 	Training Loss: 442.533984 	Validation Loss: 283.956018
Epoch: 0 	Training Loss: 149.197995 	Validation Loss: 32.250918